390
645
770
168
474
117
493
367
113
826
931
440
236
773
184
717
322
168
71
791
106
162
724
744
758
884
453
674
183
411
976
925
408
746
94
882
215
939
250
680
118
181
120
354
306
657
423
981
177
847
124
636
9
848
380
119
84
834
793
619
597
121
896
5
220
990
240
435
282
490
468
400
23
940
106
681
949
530
662
127
377
786
763
738
986
143
857
422
329
2
393
926
124
290
284
696
632
524
131
914
366
951
314
389
892
421
422
841
303
85
968
32
223
83
770
562
227
627
336
908
629
730
835
105
20
119
801
652
995
285
919
361
236
585
102
128
358
524
322
661
961
290
693
537
374
463
451
953
442
787
213
424
517
48
529
889
519
683
894
514
968
813
227
556
398
329
37
757
206
359
770
519
649
816
408
375
631
859
680
74
647
894
498
516
294
379
758
166
62
652
32
382
817
260
939
567
941
976
676
499
335
447
19
336
263
427
64
894
639
96
320
638
990
818
154
637
550
264
803
612
268
835
347
85
447
286
653
741
614
329
240
301
128
611
637
743
391
53
638
30
150
310
668
492
129
174
129
31
791
284
643
59
472
342
145
919
628
150
660
594
831
253
895
312
864
885
55
607
938
45
637
440
356
657
933
837
184
414
868
327
51
863
386
523
206
883
794
834
385
455
781
217
60
676
529
924
561
936
532
852
982
521
292
338
531
577
175
67
344
395
394
395
258
780
918
464
16
712
651
401
519
432
618
579
460
499
856
22
436
740
226
770
613
518
108
144
448
635
563
792
382
957
539
640
90
457
457
106
521
460
507
393
244
478
324
56
977
532
78
765
272
656
887
886
527
995
382
975
982
946
119
716
903
658
357
993
467
166
451
988
978
959
733
574
437
410
630
766
942
61
884
215
717
771
453
244
119
187
219
453
133
690
170
389
348
879
734
815
45
186
156
375
145
889
949
934
299
579
52
594
640
936
809
358
708
614
954
179
801
526
632
287
216
802
676
565
681
410
380
78
948
536
805
445
778
754
379
429
686
784
23
326
720
184
36
780
150
343
959
952
869
944
239
85
98
267
650
132
677
383
210
978
271
368
423
401
122
155
183
808
939
558
487
659
743
875
792
245
218
103
549
87
47
788
525
146
407
527
278
437
910
840
415
534
208
838
287
683
993
470
843
932
29
330
944
124
206
736
369
776
839
919
864
239
59
389
385
819
268
663
256
179
855
671
65
64
509
352
747
855
823
590
787
204
273
731
680
831
819
401
607
659
320
823
898
732
564
635
551
833
650
807
364
505
830
781
921
339
133
20
194
308
963
334
864
588
417
544
419
237
946
378
248
618
554
498
702
118
133
253
303
135
412
19
992
594
800
914
934
934
286
480
594
249
166
459
837
584
3
608
821
949
987
421
920
541
919
622
11
404
228
667
891
992
686
883
587
487
149
873
773
436
705
367
685
872
826
875
456
182
835
629
483
822
50
403
715
321
26
79
77
254
746
968
598
784
851
185
271
1
58
44
789
764
764
826
988
590
701
444
124
889
425
608
63
827
11
779
500
389
210
577
995
308
897
594
92
748
131
716
101
190
112
890
306
876
69
294
819
770
90
943
659
867
903
723
694
915
854
194
656
416
123
652
724
20
598
168
120
729
884
574
271
349
816
929
225
885
575
44
656
665
340
667
884
243
742
578
510
948
124
167
716
247
171
792
619
769
961
740
850
197
314
122
546
130
51
124
16
627
168
24
644
860
43
529
104
138
459
966
438
936
133
155
183
304
947
803
425
260
895
276
458
209
750
356
691
801
480
59
780
1
83
777
861
479
658
317
617
469
284
55
405
417
562
941
74
510
96
851
770
991
479
580
552
229
937
243
383
417
303
515
418
738
292
632
569
302
949
538
772
233
594
177
3
508
470
429
18
566
632
141
557
112
721
109
693
658
705
76
428
360
592
846
450
236
830
20
539
780
558
663
365
504
192
368
13
663
149
383
229
782
524
139
246
598
248
939
256
305
368
36
665
960
235
116
548
65
488
439
845
398
102
211
903
295
931
268
958
433
651
539
567
176
678
813
774
279
104
382
584
472
419
602
784
654
718
333
719
558
772
917
956
227
480
859
522
763
479
832
196
131
371
115
659
402
928
785
681
385
519
265
209
938
219
994
944
937
679
16
847
803
285
804
30
765
15
904
880
495
88
429
978
812
544
637
214
473
774
247
210
293
864
419
584
84
413
880
373
444
896
221
600
533
377
630
650
744
887
531
239
975
960
569
787
504
206
353
329
332
